51,3
51,2
51,1
51,0
0,459
0,458
50,3
50,2
0,457
0,456
50,1
50,0
0,455
0,454
49,3
49,2
0,453
0,452
49,1
49,0
0,451
0,450
0,449
0,448
0,447
0,446
0,445
0,444
0,443
0,442
0,441
0,440
0,439
0,438
0,437
0,436
0,435
0,434
0,433
0,432
0,431
0,430
48,3
48,2
0,429
48,1
48,0
0,428
0,427
0,426
47,3
47,2
0,425
47,1
47,0
0,424
0,423
46,3
46,2
0,422
46,1
46,0
0,421
0,420
0,419
45,3
45,2
0,418
0,417
45,1
45,0
0,416
0,415
0,414
44,3
44,2
0,413
0,412
44,1
44,0
0,411
0,410
43,3
43,2
0,409
0,408
43,1
43,0
0,407
0,406
0,405
0,404
0,403
0,402
0,401
42,3
42,2
42,1
42,0
0,400
41,3
41,2
0,399
41,1
41,0
0,398
0,397
40,3
40,2
40,1
